会員ID,登録施設,性別,生まれ年,回答時の年齢,年代,都道府県,会員市町村,世帯年収,UA,回答日時,回答月,回答エリア,回答エリア2,市町村,6分類,DMO,宿泊数（全体）,宿泊数（県内）,宿泊エリア（県内）,宿泊エリア（県外）,同行者,訪問目的ALL,宿でのんびり過ごす,温泉や露天風呂,地元の美味しいものを食べる,花見や紅葉などの自然鑑賞,名所、旧跡の観光,テーマパーク（遊園地、動物園、博物館など）,買い物、アウトレット,お祭りやイベントへの参加・見物,スポーツ観戦や芸能鑑賞（コンサート等）,アウトドア（海水浴、釣り、登山など）,まちあるき、都市散策,各種体験（手作り、果物狩りなど）,スキー・スノボ、マリンスポーツ,その他スポーツ（ゴルフ、テニスなど）,ドライブ・ツーリング,友人・親戚を尋ねる,出張など仕事関係,その他,情報収集ALL,観光展・物産展,新聞・雑誌・ガイドブック,TV・ラジオ番組やCM,観光パンフレット・ポスター,観光連盟やDMOのHP,インターネット・アプリ,Twitter,Instagram,Facebook,ブログ,友人・知人,観光協会等の案内所,タクシードライバーや地元の人,宿泊施設,福井県までの交通手段ALL,自家用車,レンタカー,新幹線,在来線,飛行機,旅行会社ツアーバス,県外から訪れていない（福井県在住）,福井県内での交通手段ALL,タクシー,路線バス,徒歩,レンタサイクル,福井県内での交通手段の満足度,福井県内での交通手段の満足度の理由,宿泊費,交通費,県内消費額,エリア訪問回数,アンケート回答前に訪問した主な場所,アンケート回答前に訪問した主な場所FA,アンケート回答後に訪問する予定の主な場所,アンケート回答後に訪問する予定の主な場所FA,エリア総消費額,満足度,満足度の理由,不便さ,不便さの内容,NPS,推奨項目,施設に求めるもの,今後の来訪意向,福井県に求めるもの,登録エリア,満足度(商品・サービス),満足度(商品・サービス)の理由
114206,平泉寺白山神社 エリア,女,1960,62,60代,兵庫県,神戸市兵庫区,100万円以上 200万円未満,mobile/iphone,2022-09-18 23:04:24,9月,平泉寺白山神社 エリア,23.平泉寺白山神社 エリア,勝山市,勝山市・大野市,勝山市観光まちづくり(株),日帰り,福井県内には宿泊しない,福井県内には宿泊しない,福井県外には宿泊しない,自分ひとり,"名所、旧跡の観光
",0,0,0,0,1,0,0,0,0,0,0,0,0,0,0,0,0,0,"観光展・物産展
観光連盟やDMOのHP
Twitter
観光協会等の案内所
",1,0,0,0,1,0,1,0,0,0,0,1,0,0,"在来線
",0,0,0,1,0,0,0,"在来線
路線バス
",0,1,0,0,とても満足,鉄道の隙間を埋めるバスが試験運行されていて時間的にとても効率よく行動する事ができた,"3,000円以上 5,000円未満","1,000円以上 3,000円未満","3,000円以上 5,000円未満",初めて,選択なし/該当施設なし,,越前大野城,,"1,000円以上 3,000円未満",とても満足,時期的に人影が少ない事もありより自然のパワーに触れる事ができた気がする,感じなかった,自販機を見かけなかったので飲料の入手が難しいと感じた,8,遠いと思っていたが予想より容易にアクセスできた。乗り継ぎがわかりやすい。,露店などが早く閉店するなど土産物はあまり見られなかった,また行きたい（1年以内）,関西からはふらっと気軽に日帰りできるので短時間でできる体験等興味深いものが有れば何度も訪れたい,,,
114203,web,女,1999,23,20代,富山県,射水市,200万円以上 300万円未満,mobile/iphone,2022-09-18 21:59:53,9月,東尋坊 エリア,06.東尋坊 エリア,坂井市,あわら市・坂井市,(一社)DMOさかい観光局,4泊以上,4泊以上,三国・あわらエリア（あわら市・坂井市）,福井県外には宿泊しない,恋人,"温泉や露天風呂
地元の美味しいものを食べる
友人・親戚を尋ねる
",0,1,1,0,0,0,0,0,0,0,0,0,0,0,0,1,0,0,"Instagram
ブログ
",0,0,0,0,0,0,0,1,0,1,0,0,0,0,"在来線
",1,0,0,0,0,0,0,"自家用車
徒歩
",0,0,1,0,,,"20,000円以上 30,000円未満","20,000円以上 30,000円未満","20,000円以上 30,000円未満",2～5回目,丸岡城,,三國湊レトロ,,"3,000円以上 5,000円未満",とても満足,,感じなかった,,10,東尋坊の岩場の近くのカフェが美味しかったです。東尋坊の観光案内所が色々な情報を知れてとても良かったです。,,また行きたい（1年以内）,常温品が嬉しい。恐竜のグッズ(大人でも使えるもの)が欲しいです,,,
114201,web,男,1999,23,20代,福井県,坂井市,100万円以上 200万円未満,mobile/iphone,2022-09-18 21:58:13,9月,東尋坊 エリア,06.東尋坊 エリア,坂井市,あわら市・坂井市,(一社)DMOさかい観光局,日帰り,福井県内には宿泊しない,福井県内には宿泊しない,福井県外には宿泊しない,恋人,"お祭りやイベントへの参加・見物
まちあるき、都市散策
",0,0,0,0,0,0,0,1,0,0,1,0,0,0,0,0,0,0,"Instagram
",0,0,0,0,0,0,0,1,0,0,0,0,0,0,"自家用車
",1,0,0,0,0,0,0,"自家用車
徒歩
",0,0,1,0,,,使わない,"1,000円未満","1,000円以上 3,000円未満",2～5回目,丸岡城,,越前大仏,,"1,000円以上 3,000円未満",とても満足,"恋人と楽しく東尋坊を散策できた。
今の季節残暑もあるが、風も涼しく過ごしやすかった。",感じた,観光案内所が一見わからなかった。,9,東尋坊。遊覧船も魅力的。,お洒落なトートバッグとかあるといいかなと思いました。,また行きたい（1年以内）,電動キックボード体験,,,
114281,web,男,1973,49,40代,福井県,福井市,800万円以上 900万円未満,mobile/iphone,2022-09-19 19:42:17,9月,越前陶芸村 エリア,41.越前陶芸村 エリア,越前町,丹南,,日帰り,福井県内には宿泊しない,福井県内には宿泊しない,滋賀県,夫婦2人,"地元の美味しいものを食べる
買い物、アウトレット
",0,0,1,0,0,0,1,0,0,0,0,0,0,0,0,0,0,0,"インターネット・アプリ
",0,0,0,0,0,1,0,0,0,0,0,0,0,0,"自家用車
",1,0,0,0,0,0,0,"自家用車
",0,0,0,0,,,使わない,使わない,"20,000円以上 30,000円未満",2～5回目,選択なし/該当施設なし,,選択なし/該当施設なし,,"20,000円以上 30,000円未満",とても満足,良い買い物ができました。越前焼を買いました。,感じなかった,,7,,,福井県在住,,,,
114280,越前海岸 エリア,女,1957,65,60代,福井県,越前市,200万円以上 300万円未満,mobile/android,2022-09-19 18:54:39,9月,越前海岸 エリア,02.越前海岸 エリア,福井市,福井市・永平寺町,,1泊,1泊,三国・あわらエリア（あわら市・坂井市）,福井県外には宿泊しない,親と兄弟∥姉妹,"温泉や露天風呂
地元の美味しいものを食べる
名所、旧跡の観光
",0,1,1,0,1,0,0,0,0,0,0,0,0,0,0,0,0,0,"観光連盟やDMOのHP
その他
",0,0,0,0,1,0,0,0,0,0,0,0,0,0,"県外から訪れていない（福井県在住）
",1,0,0,0,0,0,1,"自家用車
",0,0,0,0,,,"10,000円以上 20,000円未満","3,000円以上 5,000円未満","5,000円以上 10,000円未満",11回目以上,ふれあいパーク三里浜(道の駅「みくに」),,選択なし/該当施設なし,,"3,000円以上 5,000円未満",満足,新鮮な魚介類が買えたり食事が美味しい,感じなかった,,8,新鮮な魚介類の買い物と美味しい海鮮のお食事,宿泊施設や色んなショップなどの情報が欲しい 足りない,また行きたい（1年以内）,手軽に出来るアクティビティや魅力のあるお土産を開発し、PRして欲しい,,,
114279,越前和紙の里 エリア,男,1985,37,30代,愛知県,名古屋市瑞穂区,500万円以上 600万円未満,mobile/android,2022-09-19 18:37:09,9月,越前和紙の里 エリア,28.越前和紙の里 エリア,越前市,丹南,,1泊,1泊,三国・あわらエリア（あわら市・坂井市）,福井県外には宿泊しない,小学生以下連れの家族,"温泉や露天風呂
",0,1,0,0,0,0,0,0,0,0,0,0,0,0,0,0,0,0,"インターネット・アプリ
",0,0,0,0,0,1,0,0,0,0,0,0,0,0,"自家用車
",1,0,0,0,0,0,0,"自家用車
",0,0,0,0,,,"10,000円以上 20,000円未満","5,000円以上 10,000円未満","10,000円以上 20,000円未満",初めて,選択なし/該当施設なし,,越前松島水族館,,"3,000円以上 5,000円未満",満足,うちわ体験がなかなかできないから,感じなかった,,8,,,機会があれば行きたい,,,,
114278,赤礁崎オートキャンプ場 エリア,女,1961,61,60代,滋賀県,栗東市,300万円以上 400万円未満,mobile/android,2022-09-19 18:06:11,9月,赤礁崎オートキャンプ場 エリア,67.赤礁崎オートキャンプ場 エリア,おおい町,嶺南西部,,3泊,3泊,嶺南エリア（敦賀市・美浜町・若狭町・小浜市・おおい町・高浜町）,福井県外には宿泊しない,夫婦と本人の妹夫婦,"アウトドア（海水浴、釣り、登山など）
",0,0,0,0,0,0,0,0,0,1,0,0,0,0,0,0,0,0,"インターネット・アプリ
宿泊施設
",0,0,0,0,0,1,0,0,0,0,0,0,0,1,"自家用車
",1,0,0,0,0,0,0,"自家用車
",0,0,0,0,,,"20,000円以上 30,000円未満","3,000円以上 5,000円未満","10,000円以上 20,000円未満",11回目以上,万葉の里  味真野苑（ミズバショウ・フジ・スイレン・ハギ）,敦賀湾のフグ食べに,若狭フィッシャーマンズワーフ,,"10,000円以上 20,000円未満",とても満足,平日に行くせいか、要望に答えてもらえます。,感じた,今回初めてですが、人手不足が否めませんでした。,9,"年がいっても、キャンプだけでなく、バンガローやコテージを利用できる。
魚釣りにもってこいです。",満足です,また行きたい（1年以内）,おいしいものがたくさんあるので、満足しています。,,,
114277,web,女,1972,50,50代,福井県,福井市,800万円以上 900万円未満,mobile/android,2022-09-19 17:49:23,9月,越前陶芸村 エリア,41.越前陶芸村 エリア,越前町,丹南,,日帰り,福井県内には宿泊しない,福井県内には宿泊しない,福井県外には宿泊しない,夫婦2人,"買い物、アウトレット
",0,0,0,0,0,0,1,0,0,0,0,0,0,0,0,0,0,0,"インターネット・アプリ
",0,0,0,0,0,1,0,0,0,0,0,0,0,0,"自家用車
",1,0,0,0,0,0,0,"自家用車
",0,0,0,0,,,使わない,"1,000円未満","1,000円以上 3,000円未満",2～5回目,選択なし/該当施設なし,,選択なし/該当施設なし,,"20,000円以上 30,000円未満",とても満足,,感じなかった,,10,,,福井県在住,,,,
114276,あわら温泉 エリア,女,1978,44,40代,群馬県,高崎市,"1,200万円以上 1,500万円未満",mobile/android,2022-09-19 17:48:33,9月,あわら温泉 エリア,11.あわら温泉 エリア,あわら市,あわら市・坂井市,,1泊,1泊,三国・あわらエリア（あわら市・坂井市）,福井県外には宿泊しない,小学生以下連れの家族,"テーマパーク（遊園地、動物園、博物館など）
",0,0,0,0,0,1,0,0,0,0,0,0,0,0,0,0,0,0,"インターネット・アプリ
",0,0,0,0,0,1,0,0,0,0,0,0,0,0,"自家用車
",1,0,0,0,0,0,0,"自家用車
",0,0,0,0,選択肢なし,,"40,000円以上 50,000円未満","20,000円以上 30,000円未満","10,000円以上 20,000円未満",初めて,越前松島水族館,,福井県立恐竜博物館,,"3,000円以上 5,000円未満",満足,,感じなかった,,5,,,機会があれば行きたい,,,,
114272,web,女,1978,44,40代,東京都,府中市,100万円以上 200万円未満,mobile/iphone,2022-09-19 17:36:22,9月,越前そばの里 エリア,29.越前そばの里 エリア,越前市,丹南,,3泊,3泊,三国・あわらエリア（あわら市・坂井市）,福井県外には宿泊しない,夫婦2人,"宿でのんびり過ごす
温泉や露天風呂
地元の美味しいものを食べる
名所、旧跡の観光
買い物、アウトレット
",1,1,1,0,1,0,1,0,0,0,0,0,0,0,0,0,0,0,"観光展・物産展
新聞・雑誌・ガイドブック
TV・ラジオ番組やCM
観光パンフレット・ポスター
観光連盟やDMOのHP
インターネット・アプリ
Instagram
",1,1,1,1,1,1,0,1,0,0,0,0,0,0,"自家用車
",1,0,0,0,0,0,0,"自家用車
",0,0,0,0,,,"5,000円以上 10,000円未満","10,000円以上 20,000円未満","10,000円以上 20,000円未満",2～5回目,選択なし/該当施設なし,永平寺,選択なし/該当施設なし,道の駅南えちぜん山海里,"1,000円以上 3,000円未満",とても満足,"いつも美味しいお蕎麦をいただいてます。
お土産も美味しそうな物ばかりで見ていて楽しいです。そばソフトも気に入ってます。",感じなかった,,10,"とにかく美味しいものばかり。
また、お店に入っても店員さんが皆優しくて、安心します。",,また行きたい（1年以内）,冬の福井県は蟹と水羊羹が楽しみなのですが、夏の楽しみを増やしてほしいです。夏休みで、子供向け以外のものがあると嬉しいです。,,,
114269,道の駅「恐竜渓谷かつやま」 エリア,男,1975,47,40代,福井県,大野市,500万円以上 600万円未満,mobile/android,2022-09-19 16:59:50,9月,道の駅「恐竜渓谷かつやま」 エリア,20.道の駅「恐竜渓谷かつやま」 エリア,勝山市,勝山市・大野市,勝山市観光まちづくり(株),日帰り,福井県内には宿泊しない,福井県内には宿泊しない,福井県外には宿泊しない,恋人,"ドライブ・ツーリング
",0,0,0,0,0,0,0,0,0,0,0,0,0,0,1,0,0,0,"友人・知人
",0,0,0,0,0,0,0,0,0,0,1,0,0,0,"県外から訪れていない（福井県在住）
",1,0,0,0,0,0,1,"自家用車
",0,0,0,0,選択肢なし,,使わない,使わない,"3,000円以上 5,000円未満",初めて,福井県立恐竜博物館,,選択なし/該当施設なし,,"1,000円未満",どちらでもない,,感じた,,1,,,福井県在住,,,,
114262,丸岡城 エリア,女,1968,54,50代,京都府,宇治市,800万円以上 900万円未満,mobile/android,2022-09-19 15:25:56,9月,越前大野城・城下町 エリア,15.越前大野城・城下町 エリア,大野市,勝山市・大野市,,1泊,福井県内には宿泊しない,福井県内には宿泊しない,岐阜県,夫婦2人,"名所、旧跡の観光
",0,0,0,0,1,0,0,0,0,0,0,0,0,0,0,0,0,0,"インターネット・アプリ
",0,0,0,0,0,1,0,0,0,0,0,0,0,0,"自家用車
",1,0,0,0,0,0,0,"自家用車
",0,0,0,0,,,"3,000円以上 5,000円未満","20,000円以上 30,000円未満","3,000円以上 5,000円未満",2～5回目,一乗谷朝倉氏遺跡,,九頭竜湖,,"1,000円以上 3,000円未満",とても満足,,感じなかった,,10,,,また行きたい（1年以内）,,,,
114262,丸岡城 エリア,女,1968,54,50代,京都府,宇治市,800万円以上 900万円未満,mobile/android,2022-09-19 15:22:47,9月,道の駅「越前おおの荒島の郷」 エリア,16.道の駅「越前おおの荒島の郷」 エリア,大野市,勝山市・大野市,,1泊,福井県内には宿泊しない,福井県内には宿泊しない,岐阜県,夫婦2人,"名所、旧跡の観光
",0,0,0,0,1,0,0,0,0,0,0,0,0,0,0,0,0,0,"インターネット・アプリ
",0,0,0,0,0,1,0,0,0,0,0,0,0,0,"自家用車
",1,0,0,0,0,0,0,"自家用車
",0,0,0,0,選択肢なし,,"3,000円以上 5,000円未満","20,000円以上 30,000円未満","3,000円以上 5,000円未満",初めて,越前大野城,,道の駅「越前おおの荒島の郷」,,使わない,満足,,感じなかった,,7,,,また行きたい（1年以内）,,,,
114262,丸岡城 エリア,女,1968,54,50代,京都府,宇治市,800万円以上 900万円未満,mobile/android,2022-09-19 15:19:03,9月,一乗谷朝倉氏遺跡 エリア,01.一乗谷朝倉氏遺跡 エリア,福井市,福井市・永平寺町,,1泊,福井県内には宿泊しない,福井県内には宿泊しない,岐阜県,夫婦2人,"名所、旧跡の観光
",0,0,0,0,1,0,0,0,0,0,0,0,0,0,0,0,0,0,"インターネット・アプリ
",0,0,0,0,0,1,0,0,0,0,0,0,0,0,"自家用車
",1,0,0,0,0,0,0,"自家用車
",0,0,0,0,,,"3,000円以上 5,000円未満","20,000円以上 30,000円未満","3,000円以上 5,000円未満",2～5回目,丸岡城,,越前大野城,,"1,000円未満",満足,,感じなかった,,8,,,また行きたい（1年以内）,,,,
114262,丸岡城 エリア,女,1968,54,50代,京都府,宇治市,800万円以上 900万円未満,mobile/android,2022-09-19 15:16:15,9月,丸岡城 エリア,08.丸岡城 エリア,坂井市,あわら市・坂井市,(一社)DMOさかい観光局,1泊,福井県内には宿泊しない,福井県内には宿泊しない,岐阜県,夫婦2人,"温泉や露天風呂
名所、旧跡の観光
",0,1,0,0,1,0,0,0,0,0,0,0,0,0,0,0,0,0,"観光パンフレット・ポスター
インターネット・アプリ
",0,0,0,1,0,1,0,0,0,0,0,0,0,0,"自家用車
",1,0,0,0,0,0,0,"自家用車
",0,0,0,0,,,"3,000円以上 5,000円未満","20,000円以上 30,000円未満","3,000円以上 5,000円未満",2～5回目,道の駅「さかい」（坂井地域交流センター「いねす」）,,一乗谷朝倉氏遺跡,,"1,000円以上 3,000円未満",とても満足,,感じなかった,,9,,,また行きたい（1年以内）,,,,
114258,web,男,1970,52,50代,石川県,野々市市,600万円以上 700万円未満,mobile/android,2022-09-19 14:22:39,9月,越前そばの里 エリア,29.越前そばの里 エリア,越前市,丹南,,日帰り,福井県内には宿泊しない,福井県内には宿泊しない,京都府,夫婦2人,"地元の美味しいものを食べる
ドライブ・ツーリング
",0,0,1,0,0,0,0,0,0,0,0,0,0,0,1,0,0,0,"新聞・雑誌・ガイドブック
",0,1,0,0,0,0,0,0,0,0,0,0,0,0,"自家用車
",1,0,0,0,0,0,0,"自家用車
",0,0,0,0,,,"5,000円以上 10,000円未満","3,000円以上 5,000円未満","5,000円以上 10,000円未満",2～5回目,選択なし/該当施設なし,,選択なし/該当施設なし,,"3,000円以上 5,000円未満",満足,,感じなかった,,6,,,,,,,
114257,福井駅前 エリア,男,1977,45,40代,大阪府,茨木市,600万円以上 700万円未満,mobile/android,2022-09-19 14:09:14,9月,一乗谷朝倉氏遺跡 エリア,01.一乗谷朝倉氏遺跡 エリア,福井市,福井市・永平寺町,,1泊,1泊,三国・あわらエリア（あわら市・坂井市）,福井県外には宿泊しない,夫婦2人,"名所、旧跡の観光
",0,0,0,0,1,0,0,0,0,0,0,0,0,0,0,0,0,0,"Twitter
",0,0,0,0,0,0,1,0,0,0,0,0,0,0,"在来線
",0,0,0,1,0,0,0,"在来線
路線バス
",0,1,0,0,どちらでもない,路線バスの本数がもう少し欲しい、バスのフリーチケットは素晴らしい,"10,000円以上 20,000円未満","10,000円以上 20,000円未満","5,000円以上 10,000円未満",初めて,あわら温泉街,,選択なし/該当施設なし,この後帰宅,"3,000円以上 5,000円未満",満足,ボランティアの皆さんの対応に満足,感じなかった,,9,史跡の残り方が自然で良い,あまりゴテゴテした施設にならないでほしい,また行きたい（1年以内）,油揚げのソフトクリーム,,,
114246,web,男,1967,55,50代,福井県,福井市,300万円以上 400万円未満,mobile/iphone,2022-09-19 14:06:51,9月,道の駅「九頭竜」 エリア,17.道の駅「九頭竜」 エリア,大野市,勝山市・大野市,,日帰り,福井県内には宿泊しない,福井県内には宿泊しない,福井県外には宿泊しない,自分ひとり,"ドライブ・ツーリング
",0,0,0,0,0,0,0,0,0,0,0,0,0,0,1,0,0,0,"観光協会等の案内所
",0,0,0,0,0,0,0,0,0,0,0,1,0,0,"県外から訪れていない（福井県在住）
",1,0,0,0,0,0,1,"自家用車
",0,0,0,0,,,使わない,使わない,使わない,11回目以上,選択なし/該当施設なし,,選択なし/該当施設なし,,"1,000円未満",どちらでもない,雨の時は不便,感じた,雨の時は現状のひさしだけでは雨風を避けられず不便。,6,,,福井県在住,,,,
114257,福井駅前 エリア,男,1977,45,40代,大阪府,茨木市,600万円以上 700万円未満,mobile/android,2022-09-19 14:04:41,9月,福井駅前 エリア,04.福井駅前 エリア,福井市,福井市・永平寺町,,1泊,1泊,三国・あわらエリア（あわら市・坂井市）,福井県外には宿泊しない,夫婦2人,"宿でのんびり過ごす
温泉や露天風呂
地元の美味しいものを食べる
名所、旧跡の観光
",1,1,1,0,1,0,0,0,0,0,0,0,0,0,0,0,0,0,"インターネット・アプリ
Twitter
",0,0,0,0,0,1,1,0,0,0,0,0,0,0,"在来線
",0,0,0,1,0,0,0,"在来線
路線バス
",0,1,0,0,とても満足,安定した運行,"10,000円以上 20,000円未満","10,000円以上 20,000円未満","5,000円以上 10,000円未満",初めて,あわら温泉屋台村「湯けむり横丁」,,一乗谷朝倉氏遺跡,,"5,000円以上 10,000円未満",満足,恐竜が動くところを見れなかった,感じなかった,,8,適度な人出、程よい観光場所の密集度,あるきながら食べれるような菓子類の充実,また行きたい（1年以内）,,,,
114255,JA福井県ファーマーズマーケットきららの丘 エリア,女,1990,32,30代,福井県,福井市,"900万円以上 1,000万円未満",mobile/android,2022-09-19 13:59:56,9月,JA福井県ファーマーズマーケットきららの丘 エリア,13.JA福井県ファーマーズマーケットきららの丘 エリア,あわら市,あわら市・坂井市,,2泊,2泊,三国・あわらエリア（あわら市・坂井市）,福井県外には宿泊しない,小学生以下連れの家族,"お祭りやイベントへの参加・見物
友人・親戚を尋ねる
",0,0,0,0,0,0,0,1,0,0,0,0,0,0,0,1,0,0,"観光パンフレット・ポスター
友人・知人
",0,0,0,1,0,0,0,0,0,0,1,0,0,0,"自家用車
",1,0,0,0,0,0,0,"自家用車
",0,0,0,0,,,使わない,使わない,"10,000円以上 20,000円未満",11回目以上,選択なし/該当施設なし,加賀フルーツランド,選択なし/該当施設なし,福井市に帰る,"1,000円以上 3,000円未満",とても満足,価格が安く、いい買い物ができて満足,感じなかった,,10,,,また行きたい（1年以内）,,,,
114249,一乗谷朝倉氏遺跡 エリア,女,1981,41,40代,大阪府,茨木市,700万円以上 800万円未満,mobile/android,2022-09-19 13:51:22,9月,福井駅前 エリア,04.福井駅前 エリア,福井市,福井市・永平寺町,,1泊,1泊,三国・あわらエリア（あわら市・坂井市）,福井県外には宿泊しない,恋人,"温泉や露天風呂
",0,1,0,0,0,0,0,0,0,0,0,0,0,0,0,0,0,0,"インターネット・アプリ
",0,0,0,0,0,1,0,0,0,0,0,0,0,0,"在来線
",0,0,0,1,0,0,0,"在来線
",0,0,0,0,,,"5,000円以上 10,000円未満","5,000円以上 10,000円未満","3,000円以上 5,000円未満",初めて,あわら温泉街,,一乗谷朝倉氏遺跡,,"1,000円以上 3,000円未満",とても満足,,感じなかった,,10,,,また行きたい（1年以内）,,,,
114249,一乗谷朝倉氏遺跡 エリア,女,1981,41,40代,大阪府,茨木市,700万円以上 800万円未満,mobile/android,2022-09-19 13:49:46,9月,一乗谷朝倉氏遺跡 エリア,01.一乗谷朝倉氏遺跡 エリア,福井市,福井市・永平寺町,,1泊,1泊,三国・あわらエリア（あわら市・坂井市）,福井県外には宿泊しない,恋人,"温泉や露天風呂
",0,1,0,0,0,0,0,0,0,0,0,0,0,0,0,0,0,0,"インターネット・アプリ
",0,0,0,0,0,1,0,0,0,0,0,0,0,0,"在来線
",0,0,0,0,0,0,0,"路線バス
",0,1,0,0,とても満足,京福バスフリーきっぷが半額でとてもお得だった,"5,000円以上 10,000円未満","5,000円以上 10,000円未満","3,000円以上 5,000円未満",初めて,北の庄城址・柴田公園,,選択なし/該当施設なし,,"1,000円以上 3,000円未満",とても満足,,感じなかった,,10,,,また行きたい（1年以内）,,,,
114253,東尋坊 エリア,女,1984,38,30代,大阪府,堺市北区,700万円以上 800万円未満,mobile/android,2022-09-19 13:47:39,9月,東尋坊 エリア,06.東尋坊 エリア,坂井市,あわら市・坂井市,(一社)DMOさかい観光局,1泊,福井県内には宿泊しない,福井県内には宿泊しない,石川県加賀市,小学生以下連れの家族,"地元の美味しいものを食べる
テーマパーク（遊園地、動物園、博物館など）
",0,0,1,0,0,1,0,0,0,0,0,0,0,0,0,0,0,0,"新聞・雑誌・ガイドブック
友人・知人
",0,1,0,0,0,0,0,0,0,0,1,0,0,0,"自家用車
",1,0,0,0,0,0,0,"自家用車
",0,0,0,0,,,使わない,"3,000円以上 5,000円未満","5,000円以上 10,000円未満",初めて,選択なし/該当施設なし,,福井県立恐竜博物館,,"1,000円未満",満足,暑かったので、お店でのかき氷が美味しかった。迫力のある景色が見られてよかった。大人は良かったが、子ども(未就学児)は怖がって崖の奥に行けなかった。,感じなかった,,9,"恐竜博物館は周辺で遊ぶところもあり一日過ごせそうだが、人が多いのが難点。お土産屋さんは大混雑でゆっくり見られなかったのが残念(少し買いましたが)。しかし総じて子どもが楽しめてぜひ人に薦めたい。

知人から聞いていた伊藤順和堂のいもきんつば、はや川の羽二重くるみもとても美味しかった。
いもきんつばは入手するのに早めにお店に行ったり事前予約をしたりと、少し努力が必要なのが疲れました。自分のタイミングで気軽に行って買えるのが理想。
他にもおろしそば、ボルガライス、ソースカツ丼、どれもとても美味しかったです。

あと、福井ではありませんが、宿(山代温泉)で食べたお刺身の甘海老がとっても美味しかったのが印象的でした。",,機会があれば行きたい,今回は子ども連れ(未就学児含む)の旅行だったので、次回また福井に行くなら永平寺や一乗谷朝倉氏遺跡に行ってみたい。あと、季節によりますが福井の新米をお土産で買いたい。,,,
114233,web,女,1980,42,40代,兵庫県,西宮市,分からない/無回答,mobile/iphone,2022-09-19 13:35:31,9月,道の駅「南えちぜん山海里」 エリア,43.道の駅「南えちぜん山海里」 エリア,南越前町,丹南,,2泊,1泊,奥越前エリア（勝山市・大野市）,富山県,小学生以下連れの家族,"まちあるき、都市散策
",0,0,0,0,0,0,0,0,0,0,1,0,0,0,0,0,0,0,"インターネット・アプリ
",0,0,0,0,0,1,0,0,0,0,0,0,0,0,"自家用車
",1,0,0,0,0,0,0,"自家用車
",0,0,0,0,とても満足,施設が充実してたから。,"10,000円以上 20,000円未満","5,000円以上 10,000円未満","5,000円以上 10,000円未満",2～5回目,選択なし/該当施設なし,,選択なし/該当施設なし,,"5,000円以上 10,000円未満",とても満足,,感じなかった,,10,,,また行きたい（1年以内）,,,,
114227,一乗谷朝倉氏遺跡 エリア,男,1962,60,60代,神奈川県,川崎市高津区,500万円以上 600万円未満,mobile/android,2022-09-19 12:19:06,9月,丸岡城 エリア,08.丸岡城 エリア,坂井市,あわら市・坂井市,(一社)DMOさかい観光局,4泊以上,1泊,奥越前エリア（勝山市・大野市）,秋田、岩手、青森等,自分ひとり,"名所、旧跡の観光
",0,0,0,0,1,0,0,0,0,0,0,0,0,0,0,0,0,0,"観光協会等の案内所
",0,0,0,0,0,0,0,0,0,0,0,1,0,0,"自家用車
",1,0,0,0,0,0,0,"自家用車
",0,0,0,0,満足,色々!,"5,000円以上 10,000円未満","50,000円以上 100,000円未満","5,000円以上 10,000円未満",6～10回目,一乗谷朝倉氏遺跡,,選択なし/該当施設なし,小松城,"1,000円以上 3,000円未満",満足,,感じなかった,,8,,,機会があれば行きたい,やっぱカニ!,,,
114233,web,女,1980,42,40代,兵庫県,西宮市,分からない/無回答,mobile/iphone,2022-09-19 12:17:39,9月,道の駅「恐竜渓谷かつやま」 エリア,20.道の駅「恐竜渓谷かつやま」 エリア,勝山市,勝山市・大野市,勝山市観光まちづくり(株),2泊,1泊,奥越前エリア（勝山市・大野市）,富山県,小学生以下連れの家族,"宿でのんびり過ごす
地元の美味しいものを食べる
まちあるき、都市散策
",1,0,1,0,0,0,0,0,0,0,1,0,0,0,0,0,0,0,"インターネット・アプリ
",0,0,0,0,0,1,0,0,0,0,0,0,0,0,"自家用車
",1,0,0,0,0,0,0,"自家用車
",0,0,0,0,,,"10,000円以上 20,000円未満","5,000円以上 10,000円未満","5,000円以上 10,000円未満",2～5回目,選択なし/該当施設なし,,選択なし/該当施設なし,,"3,000円以上 5,000円未満",とても満足,,感じなかった,,10,子供が大好きな恐竜を感じ、沢山遊べる場所が沢山ある。体を使うし、大人も楽しかったから。,,また行きたい（1年以内）,道の駅が出来てからは初めて来ましたが、帰る前に福井のお土産が揃うので良かった。特に恐竜ラベルのビールや発掘プリンなど、恐竜のお土産が沢山で見応えがあり楽しく良かったです。,,,
114243,福井県立若狭歴史博物館 エリア,女,1970,52,50代,石川県,金沢市,500万円以上 600万円未満,mobile/android,2022-09-19 12:13:46,9月,福井県立若狭歴史博物館 エリア,55.福井県立若狭歴史博物館 エリア,小浜市,嶺南西部,(株)まちづくり小浜,1泊,1泊,嶺南エリア（敦賀市・美浜町・若狭町・小浜市・おおい町・高浜町）,福井県外には宿泊しない,友人,"地元の美味しいものを食べる
まちあるき、都市散策
",0,0,1,0,0,0,0,0,0,0,1,0,0,0,0,0,0,0,"インターネット・アプリ
",0,0,0,0,0,1,0,0,0,0,0,0,0,0,"自家用車
",1,0,0,0,0,0,0,"自家用車
",0,0,0,0,,,"5,000円以上 10,000円未満","5,000円以上 10,000円未満","5,000円以上 10,000円未満",2～5回目,選択なし/該当施設なし,鯖街道ミュージアム,国分寺 (小浜市),岡津製塩遺跡跡,"1,000円未満",満足,,感じなかった,,8,食べ物が美味しい！,,また行きたい（1年以内）,"鯖寿司は酢じめの焼鯖のハーフ&amp;ハーフなど食べ比べかしたい。(お土産やテイクアウト等)

福井は美味しいものも多いし、観光にも良いところがたくさんあるし、伝統工芸も誇れるものがたくさんあると思うが、アピール下手なのでもったいないと思ってます。",,,
114227,一乗谷朝倉氏遺跡 エリア,男,1962,60,60代,神奈川県,川崎市高津区,500万円以上 600万円未満,mobile/android,2022-09-19 10:57:31,9月,一乗谷朝倉氏遺跡 エリア,01.一乗谷朝倉氏遺跡 エリア,福井市,福井市・永平寺町,,4泊以上,1泊,奥越前エリア（勝山市・大野市）,秋田、岩手、青森等,自分ひとり,"名所、旧跡の観光
",0,0,0,0,1,0,0,0,0,0,0,0,0,0,0,0,0,0,"観光展・物産展
観光パンフレット・ポスター
観光協会等の案内所
",1,0,0,1,0,0,0,0,0,0,0,1,0,0,"自家用車
",1,0,0,0,0,0,0,"自家用車
",0,0,0,0,,,"5,000円以上 10,000円未満","50,000円以上 100,000円未満","5,000円以上 10,000円未満",6～10回目,越前大野城,,丸岡城,,"5,000円以上 10,000円未満",満足,天気が,感じなかった,,8,まもなくオープン,食事の場所が少ない!,機会があれば行きたい,やっぱ、カニ!,,,
114223,かずら橋 エリア,女,1962,60,60代,福井県,坂井市,400万円以上 500万円未満,mobile/android,2022-09-19 10:09:09,9月,かずら橋 エリア,37.かずら橋 エリア,池田町,丹南,,日帰り,福井県内には宿泊しない,越前エリア（越前市・越前町・鯖江市・池田町・南越前町）,長野県,夫婦2人,"友人・親戚を尋ねる
",0,0,0,0,0,0,0,0,0,0,0,0,0,0,0,1,0,0,"友人・知人
",0,0,0,0,0,0,0,0,0,0,1,0,0,0,"自家用車
",1,0,0,0,0,0,0,"自家用車
",0,0,0,0,,,使わない,"1,000円未満","3,000円以上 5,000円未満",6～10回目,まちの市場 こってコテいけだ,,選択なし/該当施設なし,,"1,000円以上 3,000円未満",とても満足,蕎麦が、とても美味しいので、よく来てます。店内がゆったりしていて、池の鯉や、かずら橋の景色に癒されます。,感じなかった,,8,ゆったりしていて、気持ち良い。,美味しいコーヒーが、飲めれば最高です。,また行きたい（1年以内）,おもてなしの心を、恥ずかしがらずに、出して貰えれば、最高です。,,,
114220,福井駅前 エリア,女,1994,28,20代,兵庫県,淡路市,400万円以上 500万円未満,mobile/android,2022-09-19 10:08:21,9月,福井駅前 エリア,04.福井駅前 エリア,福井市,福井市・永平寺町,,2泊,2泊,福井エリア（福井市・永平寺町）,福井県外には宿泊しない,夫婦2人,"温泉や露天風呂
地元の美味しいものを食べる
名所、旧跡の観光
まちあるき、都市散策
",0,1,1,0,1,0,0,0,0,0,1,0,0,0,0,0,0,サンダーバード,"新聞・雑誌・ガイドブック
観光パンフレット・ポスター
インターネット・アプリ
Instagram
友人・知人
",0,1,0,1,0,1,0,1,0,0,1,0,0,0,"レンタカー
",1,0,0,0,0,0,0,"自家用車
その他
",0,0,0,0,とても満足,のんびり景色を見ながら過ごせたから,"20,000円以上 30,000円未満","10,000円以上 20,000円未満","20,000円以上 30,000円未満",初めて,大本山永平寺,,選択なし/該当施設なし,,"10,000円以上 20,000円未満",とても満足,お土産もまとめて見て買えたから,感じなかった,,10,ご飯も美味しくお寺やお城など見所がたくさんあり、町の人も優しくて癒されたから,今回は時間がなかったのでできなかったが、電車の待ち時間に福井のおいしいおつまみを食べながら日本酒の飲み比べをしたい,また行きたい（1年以内）,,,,
114213,あわら温泉 エリア,男,1961,61,60代,大阪府,堺市南区,300万円以上 400万円未満,mobile/iphone,2022-09-19 07:45:09,9月,あわら温泉 エリア,11.あわら温泉 エリア,あわら市,あわら市・坂井市,,1泊,1泊,三国・あわらエリア（あわら市・坂井市）,福井県外には宿泊しない,中学生以上連れの家族,"温泉や露天風呂
地元の美味しいものを食べる
名所、旧跡の観光
",0,1,1,0,1,0,0,0,0,0,0,0,0,0,0,0,0,0,"新聞・雑誌・ガイドブック
インターネット・アプリ
",0,1,0,0,0,1,0,0,0,0,0,0,0,0,"レンタカー
在来線
",0,1,0,0,0,0,0,"レンタカー
",0,0,0,0,満足,サンダーバードはよかった,"10,000円以上 20,000円未満","30,000円以上 40,000円未満","20,000円以上 30,000円未満",2～5回目,福井県立恐竜博物館,,選択なし/該当施設なし,,"5,000円以上 10,000円未満",満足,のんびりできる,感じなかった,,8,,,また行きたい（1年以内）,かに、ふぐ,,,
114212,あわら温泉 エリア,男,1969,53,50代,福井県,大飯郡,"900万円以上 1,000万円未満",mobile/iphone,2022-09-19 07:27:39,9月,あわら温泉 エリア,11.あわら温泉 エリア,あわら市,あわら市・坂井市,,1泊,1泊,三国・あわらエリア（あわら市・坂井市）,福井県外には宿泊しない,小学生以下連れの家族,"お祭りやイベントへの参加・見物
",0,0,0,0,0,0,0,1,0,0,0,0,0,0,0,0,0,0,"観光パンフレット・ポスター
",0,0,0,1,0,0,0,0,0,0,0,0,0,0,"県外から訪れていない（福井県在住）
",1,0,0,0,0,0,1,"自家用車
",0,0,0,0,,,"50,000円以上 100,000円未満","3,000円以上 5,000円未満","5,000円以上 10,000円未満",6～10回目,丸岡城,,選択なし/該当施設なし,小松,"3,000円以上 5,000円未満",とても満足,,感じなかった,,9,,,福井県在住,,,,
114240,福井駅前 エリア,女,1986,36,30代,静岡県,田方郡,分からない/無回答,mobile/android,2022-09-20 09:40:08,9月,福井駅前 エリア,04.福井駅前 エリア,福井市,福井市・永平寺町,,1泊,1泊,越前エリア（越前市・越前町・鯖江市・池田町・南越前町）,福井県外には宿泊しない,友人,"スポーツ観戦や芸能鑑賞（コンサート等）
",0,0,0,0,0,0,0,0,1,0,0,0,0,0,0,0,0,0,"インターネット・アプリ
友人・知人
",0,0,0,0,0,1,0,0,0,0,1,0,0,0,"新幹線
在来線
",0,0,1,0,0,0,0,"徒歩
",0,0,1,0,選択肢なし,,"5,000円以上 10,000円未満","30,000円以上 40,000円未満","3,000円以上 5,000円未満",2～5回目,選択なし/該当施設なし,,選択なし/該当施設なし,,"3,000円以上 5,000円未満",満足,,感じなかった,,7,,,機会があれば行きたい,,,,
114250,web,女,1987,35,30代,兵庫県,神戸市西区,300万円以上 400万円未満,mobile/iphone,2022-09-23 17:54:10,9月,スキージャム勝山 エリア,21.スキージャム勝山 エリア,勝山市,勝山市・大野市,勝山市観光まちづくり(株),1泊,1泊,奥越前エリア（勝山市・大野市）,福井県外には宿泊しない,小学生以下連れの家族,"テーマパーク（遊園地、動物園、博物館など）
",0,0,0,0,0,1,0,0,0,0,0,0,0,0,0,0,0,0,"TV・ラジオ番組やCM
",0,0,1,0,0,0,0,0,0,0,0,0,0,0,"自家用車
",1,0,0,0,0,0,0,"自家用車
",0,0,0,0,,,"10,000円以上 20,000円未満","5,000円以上 10,000円未満","10,000円以上 20,000円未満",2～5回目,福井県立恐竜博物館,,選択なし/該当施設なし,,"10,000円以上 20,000円未満",満足,,感じなかった,,7,,,,,,,
114250,web,女,1987,35,30代,兵庫県,神戸市西区,300万円以上 400万円未満,mobile/iphone,2022-09-23 13:16:12,9月,スーベニアショップ ラプトル エリア,19.スーベニアショップ ラプトル エリア,大野市,勝山市・大野市,勝山市観光まちづくり(株),1泊,1泊,奥越前エリア（勝山市・大野市）,福井県外には宿泊しない,小学生以下連れの家族,"テーマパーク（遊園地、動物園、博物館など）
",0,0,0,0,0,1,0,0,0,0,0,0,0,0,0,0,0,0,"TV・ラジオ番組やCM
",0,0,1,0,0,0,0,0,0,0,0,0,0,0,"自家用車
",1,0,0,0,0,0,0,"自家用車
",0,0,0,0,,,"10,000円以上 20,000円未満","5,000円以上 10,000円未満","10,000円以上 20,000円未満",初めて,福井県立恐竜博物館,,選択なし/該当施設なし,,"5,000円以上 10,000円未満",どちらでもない,,感じた,,5,,,,,,,
114250,web,女,1987,35,30代,兵庫県,神戸市西区,300万円以上 400万円未満,mobile/iphone,2022-09-23 09:21:10,9月,道の駅「禅の里」 エリア,26.道の駅「禅の里」 エリア,永平寺町,福井市・永平寺町,,1泊,1泊,奥越前エリア（勝山市・大野市）,福井県外には宿泊しない,小学生以下連れの家族,"地元の美味しいものを食べる
テーマパーク（遊園地、動物園、博物館など）
",0,0,1,0,0,1,0,0,0,0,0,0,0,0,0,0,0,0,"TV・ラジオ番組やCM
",0,0,1,0,0,0,0,0,0,0,0,0,0,0,"自家用車
",1,0,0,0,0,0,0,"自家用車
",0,0,0,0,,,"10,000円以上 20,000円未満","5,000円以上 10,000円未満","10,000円以上 20,000円未満",初めて,選択なし/該当施設なし,草津SA,福井県立恐竜博物館,,"1,000円未満",とても不満,本キャンペーンのQRコードの場所が分かりにくい。店員さんに聞いても、ないと言われた。,感じた,同上,2,,,,,,,
114250,web,女,1987,35,30代,兵庫県,神戸市西区,300万円以上 400万円未満,mobile/iphone,2022-09-24 16:37:45,9月,道の駅「南えちぜん山海里」 エリア,43.道の駅「南えちぜん山海里」 エリア,南越前町,丹南,,1泊,1泊,奥越前エリア（勝山市・大野市）,福井県外には宿泊しない,小学生以下連れの家族,"テーマパーク（遊園地、動物園、博物館など）
",0,0,0,0,0,1,0,0,0,0,0,0,0,0,0,0,0,0,"TV・ラジオ番組やCM
",0,0,1,0,0,0,0,0,0,0,0,0,0,0,"自家用車
",1,0,0,0,0,0,0,"自家用車
",0,0,0,0,,,"10,000円以上 20,000円未満","5,000円以上 10,000円未満","10,000円以上 20,000円未満",初めて,選択なし/該当施設なし,,選択なし/該当施設なし,,"1,000円未満",満足,,感じなかった,,10,,,,,,,
114280,越前海岸 エリア,女,1957,65,60代,福井県,越前市,200万円以上 300万円未満,mobile/android,2022-09-27 13:26:10,9月,永平寺町 エリア,27.永平寺町 エリア,永平寺町,福井市・永平寺町,,日帰り,福井県内には宿泊しない,福井県内には宿泊しない,福井県外には宿泊しない,夫婦2人,"地元の美味しいものを食べる
",0,0,1,0,0,0,0,0,0,0,0,0,0,0,0,0,0,0,"新聞・雑誌・ガイドブック
観光パンフレット・ポスター
",0,1,0,1,0,0,0,0,0,0,0,0,0,0,"県外から訪れていない（福井県在住）
",1,0,0,0,0,0,1,"自家用車
",0,0,0,0,,,"5,000円以上 10,000円未満",使わない,"5,000円以上 10,000円未満",2～5回目,一乗谷朝倉氏遺跡,,選択なし/該当施設なし,,"5,000円以上 10,000円未満",満足,,感じなかった,,7,,,また行きたい（1年以内）,,,,
114262,,女,1968,56,50代,京都府,宇治市,800万円以上 900万円未満,mobile/android,2024-04-25 16:40:38,4月,道の駅「越前」 エリア,49.道の駅「越前」 エリア,越前町,丹南,一般社団法人 越前町観光連盟（DMO ECHIZEN）,2泊,福井県内には宿泊しない,福井県内には宿泊しない,富山県,夫婦2人,"ドライブ・ツーリング
",0,0,0,0,0,0,0,0,0,0,0,0,0,0,1,0,0,0,"観光協会等の案内所
",0,0,0,0,0,0,0,0,0,0,0,1,0,0,"自家用車
",1,0,0,0,0,0,0,"自家用車
",0,0,0,0,,,使わない,"10,000円以上 20,000円未満","1,000円未満",2～5回目,選択なし/該当施設なし,,選択なし/該当施設なし,,使わない,満足,,感じなかった,,9,,,,,丸岡城 エリア,とても満足,
114262,,女,1968,57,50代,京都府,宇治市,800万円以上 900万円未満,mobile/android,2025-11-14 10:30:33,11月,越前陶芸村 エリア,52.越前陶芸村 エリア,越前町,丹南,一般社団法人 越前町観光連盟（DMO ECHIZEN）,日帰り,福井県内には宿泊しない,福井県内には宿泊しない,福井県外には宿泊しない,夫婦2人,"花見や紅葉などの自然鑑賞
",0,0,0,1,0,0,0,0,0,0,0,0,0,0,0,0,0,0,"インターネット・アプリ
",0,0,0,0,0,1,0,0,0,0,0,0,0,0,"自家用車
",1,0,0,0,0,0,0,"自家用車
",0,0,0,0,,,"3,000円以上 5,000円未満","1,000円以上 3,000円未満","3,000円以上 5,000円未満",初めて,道の駅「河野」,,選択なし/該当施設なし,,"1,000円以上 3,000円未満",満足,,感じなかった,,4,,,また行きたい（1年以内）,,丸岡城 エリア,満足,
